0011100000000000
0000000000010000
0011110000000000
0000000000000000
0011100000000000
0000000100000000
0011110000000000
0000000000000010
0000000000000000
0000000000000000
0000000000000000
0000000000000000
0000000000000000
0000000000000000
0000000000000000
0000000000000000
0000000000000000
0000000000000000
0000000000000000
0000000000000000
0000000000000000
0000000000000000
0000000000000000
0000000000000000
0000000000000000
0000000000000000
0000000000000000
0000000000000000
0000000000000000
0000000000000000
0000000000000000
0000000000000000
0001101000000010
0001101000000011
0001101000000100
0001000000000000
0001010000000000
0001011000000001
0001100000000010
0000000000011100
0000001101110111
0000010001000010
0000000000001000
0000010001000010
0000111111111000
0000011010100110
0000100010110111
0000101111001000
0000110010000000
0000000000110011
0000110101000000
0000111111110010
0011100000000001
0000000000000101
0011101000000000
0000001000000001
0011110001100000
0000001000000000
0011000000000001
0011000000000010
0011001000000001
0011001000000010
0010000000000010
0010001000000001
0010010000000011
0010100000000000
0010101000000000
